# R script for Peak Model
#  -- generated by MACS
p <- c(0.0265192837383,0.0337518156669,0.0385735036193,0.0439979025657,0.0482168795241,0.0458060355479,0.0452033245538,0.0446006135598,0.0464087465419,0.0482168795241,0.0458060355479,0.0446006135598,0.04761416853,0.0446006135598,0.04761416853,0.0530385674765,0.0542439894646,0.0530385674765,0.0530385674765,0.0524358564825,0.0524358564825,0.0530385674765,0.0488195905182,0.0536412784706,0.0488195905182,0.0500250125063,0.04761416853,0.04761416853,0.0433951915717,0.0482168795241,0.0512304344944,0.0488195905182,0.0482168795241,0.0464087465419,0.0488195905182,0.0433951915717,0.0452033245538,0.0446006135598,0.0464087465419,0.0409843475955,0.0379707926252,0.0415870585895,0.0446006135598,0.0409843475955,0.0397789256074,0.0439979025657,0.0446006135598,0.0482168795241,0.047011457536,0.04761416853,0.0506277235003,0.04761416853,0.047011457536,0.0524358564825,0.0542439894646,0.0524358564825,0.0518331454884,0.0494223015122,0.0524358564825,0.0530385674765,0.0500250125063,0.0482168795241,0.0458060355479,0.0427924805776,0.0446006135598,0.0421897695836,0.0439979025657,0.0433951915717,0.0427924805776,0.0427924805776,0.0439979025657,0.0439979025657,0.0464087465419,0.0452033245538,0.0421897695836,0.0464087465419,0.04761416853,0.04761416853,0.0458060355479,0.04761416853,0.0488195905182,0.0494223015122,0.0482168795241,0.0494223015122,0.04761416853,0.0446006135598,0.0427924805776,0.0421897695836,0.0421897695836,0.0433951915717,0.0409843475955,0.0397789256074,0.0391762146133,0.0397789256074,0.0397789256074,0.0409843475955,0.0415870585895,0.0415870585895,0.0415870585895,0.0367653706371,0.0361626596431,0.0385735036193,0.0391762146133,0.0367653706371,0.0373680816312,0.0403816366014,0.0415870585895,0.0415870585895,0.0433951915717,0.0439979025657,0.0452033245538,0.0464087465419,0.0458060355479,0.04761416853,0.0506277235003,0.0464087465419,0.047011457536,0.0464087465419,0.0458060355479,0.0464087465419,0.047011457536,0.0458060355479,0.0452033245538,0.0433951915717,0.0415870585895,0.0427924805776,0.0379707926252,0.0391762146133,0.0397789256074,0.0379707926252,0.0379707926252,0.0367653706371,0.0415870585895,0.0427924805776,0.0415870585895,0.0415870585895,0.0446006135598,0.0458060355479,0.0446006135598,0.0464087465419,0.0446006135598,0.04761416853,0.0433951915717,0.0452033245538,0.047011457536,0.0458060355479,0.0433951915717,0.0421897695836,0.0421897695836,0.0397789256074,0.0403816366014,0.0379707926252,0.0373680816312,0.0391762146133,0.0391762146133,0.0421897695836,0.0427924805776,0.0452033245538,0.0446006135598,0.0439979025657,0.0433951915717,0.0427924805776,0.0433951915717,0.0397789256074,0.0379707926252,0.0373680816312,0.0373680816312,0.0337518156669,0.0361626596431,0.0391762146133,0.0415870585895,0.0452033245538,0.0458060355479,0.0464087465419,0.0452033245538,0.0439979025657,0.0439979025657,0.04761416853,0.0464087465419,0.0458060355479,0.0409843475955,0.0385735036193,0.0403816366014,0.0403816366014,0.0409843475955,0.0433951915717,0.0488195905182,0.0482168795241,0.047011457536,0.047011457536,0.0506277235003,0.0482168795241,0.0482168795241,0.047011457536,0.0482168795241,0.0464087465419,0.0397789256074,0.0397789256074,0.0403816366014,0.0397789256074,0.0403816366014,0.0421897695836,0.0373680816312,0.0361626596431,0.035559948649,0.0337518156669,0.0343545266609,0.0343545266609,0.0331491046728,0.0325463936788,0.0325463936788,0.0343545266609,0.034957237655,0.0385735036193,0.0385735036193,0.0415870585895,0.0446006135598,0.0421897695836,0.0458060355479,0.0458060355479,0.0452033245538,0.0427924805776,0.0427924805776,0.0409843475955,0.0391762146133,0.0373680816312,0.0367653706371,0.0385735036193,0.0343545266609,0.0343545266609,0.034957237655,0.0361626596431,0.0409843475955,0.0464087465419,0.047011457536,0.04761416853,0.0482168795241,0.047011457536,0.0512304344944,0.0530385674765,0.0506277235003,0.0518331454884,0.0464087465419,0.0409843475955,0.0446006135598,0.0452033245538,0.0421897695836,0.0403816366014,0.0397789256074,0.0397789256074,0.0409843475955,0.0397789256074,0.0439979025657,0.0452033245538,0.0446006135598,0.0458060355479,0.047011457536,0.0506277235003,0.0494223015122,0.0488195905182,0.0500250125063,0.0494223015122,0.0482168795241,0.0482168795241,0.0494223015122,0.0488195905182,0.0482168795241,0.0464087465419,0.0458060355479,0.0452033245538,0.0464087465419,0.0452033245538,0.0458060355479,0.0452033245538,0.0439979025657,0.0409843475955,0.0409843475955,0.0385735036193,0.0379707926252,0.0379707926252,0.0331491046728,0.0313409716907,0.0289301277145,0.0289301277145,0.0289301277145,0.0301355497026,0.0301355497026,0.0331491046728,0.0337518156669,0.0331491046728,0.0325463936788,0.035559948649,0.0391762146133,0.0385735036193,0.0361626596431,0.035559948649,0.0361626596431,0.0361626596431,0.0373680816312,0.0373680816312,0.0488195905182,0.0572575444349,0.0650927873575,0.0777497182326,0.0964337590482,0.108487978929,0.127172019745,0.146458771554,0.160321124418,0.182018720203,0.19347022909,0.201305472013,0.210346136924,0.216373246864,0.217578668852,0.227824755751,0.233249154698,0.23807084265,0.23807084265,0.236262709668,0.230235599728,0.236262709668,0.23505728768,0.237468131656,0.238673553644,0.233851865692,0.229632888734,0.224811200781,0.229030177739,0.226016622769,0.233249154698,0.230838310722,0.226619333763,0.218181379847,0.21577053587,0.211551558912,0.2127569809,0.210346136924,0.205524448971,0.210346136924,0.211551558912,0.206127159966,0.2127569809,0.213359691894,0.213962402888,0.225413911775,0.223605778793,0.224208489787,0.231441021716,0.23204373271,0.231441021716,0.229632888734,0.227222044757,0.227824755751,0.229030177739,0.218181379847,0.217578668852,0.222400356805,0.216373246864,0.207935292948,0.201305472013,0.21577053587,0.21577053587,0.219989512829,0.221194934817,0.230838310722,0.236865420662,0.233249154698,0.229632888734,0.236865420662,0.247111507561,0.243495241597,0.245303374579,0.244097952591,0.238673553644,0.238673553644,0.236865420662,0.244700663585,0.25434403949,0.253138617502,0.253741328496,0.242289819609,0.245906085573,0.252535906507,0.260973860424,0.261576571418,0.259768438436,0.251933195513,0.244700663585,0.245303374579,0.238673553644,0.239878975632,0.235659998674,0.236262709668,0.230838310722,0.228427466745,0.227824755751,0.227824755751,0.238673553644,0.236865420662,0.244097952591,0.249522351537,0.246508796567,0.242289819609,0.248919640543,0.245906085573,0.247714218555,0.248919640543,0.247714218555,0.247714218555,0.24108439762,0.241687108615,0.247111507561,0.246508796567,0.243495241597,0.247111507561,0.248316929549,0.245906085573,0.236262709668,0.235659998674,0.230838310722,0.23807084265,0.230235599728,0.230235599728,0.226016622769,0.219989512829,0.219386801835,0.218181379847,0.221194934817,0.225413911775,0.230838310722,0.222400356805,0.229030177739,0.228427466745,0.233851865692,0.237468131656,0.233851865692,0.237468131656,0.23807084265,0.235659998674,0.236865420662,0.239878975632,0.232646443704,0.233249154698,0.230838310722,0.237468131656,0.240481686626,0.240481686626,0.239276264638,0.242892530603,0.236262709668,0.232646443704,0.239878975632,0.248316929549,0.249522351537,0.241687108615,0.239276264638,0.242892530603,0.247714218555,0.251330484519,0.255549461478,0.256152172472,0.260973860424,0.250727773525,0.249522351537,0.25434403949,0.253741328496,0.254946750484,0.25735759446,0.252535906507,0.256152172472,0.261576571418,0.256152172472,0.257960305454,0.256754883466,0.256152172472,0.251933195513,0.247714218555,0.243495241597,0.242892530603,0.24108439762,0.23505728768,0.244700663585,0.245906085573,0.250125062531,0.245303374579,0.249522351537,0.255549461478,0.255549461478,0.258563016448,0.25735759446,0.259768438436,0.250125062531,0.249522351537,0.247714218555,0.251933195513,0.250125062531,0.249522351537,0.26037114943,0.25735759446,0.257960305454,0.254946750484,0.263987415394,0.265192837383,0.260973860424,0.259165727442,0.264590126388,0.265192837383,0.261576571418,0.259768438436,0.261576571418,0.262781993406,0.259768438436,